runfile('C:/Users/Aruna Shaju K/Desktop/Image and Video Processing Lab/Lab1_Question_2.py', wdir='C:/Users/Aruna Shaju K/Desktop/Image and Video Processing Lab')
The format of Lenna image is JPEG
The size of Lenna image is (512, 512)
The mode of Lenna image is RGB
ImageWidth               : 512
ImageLength              : 512
BitsPerSample            : (8, 8, 8)
Compression              : 1
PhotometricInterpretation: 2
ImageDescription         : 
StripOffsets             : (31, 10783, 21535, 32287, 43039, 53791, 64543, 75295, 86047, 96799, 107551, 118303, 129055, 139807, 150559, 161311, 172063, 182815, 193567, 204319, 215071, 225823, 236575, 247327, 258079, 268831, 279583, 290335, 301087, 311839, 322591, 333343, 344095, 354847, 365599, 376351, 387103, 397855, 408607, 419359, 430111, 440863, 451615, 462367, 473119, 483871, 494623, 505375, 516127, 526879, 537631, 548383, 559135, 569887, 580639, 591391, 602143, 612895, 623647, 634399, 645151, 655903, 666655, 677407, 688159, 698911, 709663, 720415, 731167, 741919, 752671, 763423, 774175, 784927)
Orientation              : 1
SamplesPerPixel          : 3
RowsPerStrip             : 7
StripByteCounts          : (10752, 10752, 10752, 10752, 10752, 10752, 10752, 10752, 10752, 10752, 10752, 10752, 10752, 10752, 10752, 10752, 10752, 10752, 10752, 10752, 10752, 10752, 10752, 10752, 10752, 10752, 10752, 10752, 10752, 10752, 10752, 10752, 10752, 10752, 10752, 10752, 10752, 10752, 10752, 10752, 10752, 10752, 10752, 10752, 10752, 10752, 10752, 10752, 10752, 10752, 10752, 10752, 10752, 10752, 10752, 10752, 10752, 10752, 10752, 10752, 10752, 10752, 10752, 10752, 10752, 10752, 10752, 10752, 10752, 10752, 10752, 10752, 10752, 1536)
XResolution              : 28.34646
XPTitle                  : 